4294967279,257
4294967278,301
4294967278,563
4294967279,357
4294967278,291
4294967279,350
4294967279,428
4294967278,235
5115,4
5113,4
4294967294,493
4294967294,974
4294967278,281
4294967279,390
5108,2
4294967278,347
4294967279,354
5110,2
4294967278,233
4294967278,538
4294967279,348
5109,2
4294967278,566
4294967278,324
4294967279,235
4294967278,262
4294967279,256
4294967278,279
4294967278,208
5111,4
5111,5
4294967278,207
4294967278,206
4294967278,205
4294967278,204
4294967278,203
4294967278,202
4294967278,201
4294967279,202
4294967278,196
4294967278,194
4294967279,195
4294967278,193
4294967279,194
4294967279,192
4294967278,187
4294967279,183
4294967278,178
4294967278,153
4294967278,149
5110,6
5110,4
5110,5
5109,6
5109,5
5109,4
5108,4
4294967278,132
4294967278,131
4294967278,130
4294967278,129
4294967278,128
4294967278,127
4294967278,126
4294967278,124
4294967278,122
4294967278,120
4294967278,119
4294967278,116
4294967278,115
4294967278,114
4294967278,113
4294967278,112
4294967278,111
4294967278,110
4294967278,109
4294967278,108
4294967278,107
4294967278,106
4294967278,105
4294967278,104
4294967278,103
4294967278,102
4294967278,101
4294967278,100
4294967278,99
4294967278,98
4294967278,97
4294967278,96
4294967278,95
4294967278,94
4294967278,93
4294967278,92
4294967278,91
4294967278,90
4294967278,89
4294967278,87
4294967278,85
4294967278,84
4294967278,82
4294967278,81
4294967278,79
4294967278,78
4294967278,76
4294967278,75
4294967278,73
4294967278,72
4294967278,71
4294967278,70
4294967278,69
4294967278,67
4294967278,66
4294967278,65
4294967278,0
4294967278,260
4294967279,85
4294967279,82
4294967279,71
4294967279,67
4294967279,63
4294967279,60
4294967279,58
4294967279,55
4294967279,50
4294967279,47
4294967279,376
4294967279,41
4294967279,40
4294967279,39
4294967279,35
4294967279,32
4294967279,31
4294967279,29
4294967279,28
4294967279,26
4294967279,24
4294967279,23
4294967279,17
4294967279,14
4294967279,11
4294967279,9
4294967279,7
4294967279,6
4294967279,445
4294967279,5
4294967279,4
4294967279,352
4294967279,351
4294967278,336
4294967279,12
4294967279,8
4294967294,489
4294967294,42
4294967294,99
4294967294,971
4294967294,43
4294967294,51
4294967294,52
4294967294,1417
4294967294,83
4294967279,327
5170,4
5170,3
5170,2
5170,1
4294967278,125
4294967278,564
4294967279,440
4294967278,123
4294967278,571
4294967278,121
4294967278,573
4294967278,117
5169,4
5169,3
5169,2
5169,1
4294967278,118
4294967278,293
4294967279,361
4294967279,236
4294967279,213
4294967279,210
4294967279,392
4294967279,391
5168,4
5168,3
5168,2
5168,1
4294967279,233
4294967278,86
4294967278,518
4294967279,400
4294967278,198
4294967278,197
4294967278,83
5103,2
5103,4
4294967279,332
4294967279,77
4294967278,80
4294967278,308
4294967279,80
4294967279,424
4294967278,192
5167,4
5167,3
5167,2
5167,1
4294967279,191
4294967279,229
4294967278,77
4294967278,517
4294967279,367
4294967278,189
4294967278,188
4294967278,74
4294967278,556
4294967279,74
4294967279,372
4294967278,186
4294967278,184
4294967278,183
5166,4
5166,3
5166,2
5166,1
4294967278,182
4294967279,252
4294967278,68
4294967278,362
4294967279,338
4294967278,180
4294967279,181
4294967278,179
4294967279,353
4294967278,64
4294967278,565
4294967279,64
4294967279,356
5165,4
5165,3
5165,2
5165,1
4294967278,371
4294967278,357
4294967279,444
4294967279,57
4294967279,437
4294967279,251
5164,4
5164,3
5164,2
5164,1
4294967279,247
4294967279,346
4294967279,0
4294967279,54
4294967278,297
4294967279,363
4294967279,49
4294967279,219
4294967279,45
5163,4
5163,3
5163,2
5163,1
4294967279,430
4294967278,274
4294967279,423
4294967294,25
4294967294,1422
4294967278,155
5162,4
5162,3
5162,2
5162,1
4294967294,89
4294967278,147
4294967278,143
4294967278,229
4294967278,552
4294967278,372
4294967294,22
4294967294,17
4294967294,67
4294967294,76
4294967294,41
0,5
4294967294,26
4294967278,551
4294967294,0
4294967294,1418
4294967294,417
4294967294,84
4294967294,82
4294967294,7
4294967294,6
0,7
4294967294,96
4294967294,94
4294967294,93
4294967294,95
4294967294,9
4294967293,131
4294967293,130
4294967293,129
4294967293,128
4294967293,127
4294967293,126
4294967293,125
4294967293,124
4294967293,123
4294967293,122
4294967293,121
4294967293,120
4294967293,119
4294967293,118
4294967293,117
4294967293,116
4294967293,115
4294967293,114
4294967293,113
4294967293,112
4294967293,111
4294967293,110
4294967293,109
4294967293,108
4294967293,107
4294967293,106
4294967293,105
4294967293,104
4294967293,103
4294967293,102
4294967293,101
4294967293,100
4294967293,99
4294967293,98
4294967293,97
4294967293,96
4294967293,95
4294967293,94
4294967293,93
4294967293,92
4294967293,91
4294967293,90
4294967293,89
4294967293,87
4294967293,86
4294967293,85
4294967293,84
4294967293,83
4294967293,82
4294967293,81
4294967293,80
4294967293,79
4294967293,78
4294967293,77
4294967293,76
4294967293,75
4294967293,74
4294967293,73
4294967293,72
4294967293,71
4294967293,70
4294967293,69
4294967293,68
4294967293,67
4294967293,66
4294967293,65
4294967293,64
4294967293,63
4294967293,62
4294967293,61
4294967293,60
4294967293,59
